163
176
178
190
202
217
244
265
268
271
277
301
319
334
337
343
358
360
364
376
385
412
421
431
438
439
442
451
459
469
475
479
481
490
505
511
520
521
538
542
547
553
565
583
604
610
613
634
655
658
661
670
676
679
697
730
745
748
749
757
764
766
769
775
781
784
790
799
817
829
834
854
856
872
883
889
892
907
922
925
931
937
958
967
979
985
1000
1013
1027
1033
1039
1045
1048
1054
1072
1120
1151
1180
1201
1203
1210
1219
1222
1223
1225
1231
1261
1298
1318
1321
1330
1345
1381
1384
1405
1414
1417
1429
1438
1459
1465
1474
1487
1490
1503
1508
1510
1525
1528
1531
1532
1539
1548
1552
1555
1596
1597
1600
1603
1604
1612
1615
1621
1636
1660
1663
1675
1678
1699
1708
1711
1717
1728
1732
1747
1754
1762
1778
1783
1789
1798
1804
1810
1813
1834
1842
1879
1883
1897
1912
1915
1918
1933
1988
1996
2017
2032
2062
2069
2071
2086
2092
2107
2116
2122
2129
2146
2173
2179
2188
2194
2200
2203
2236
2239
2245
2251
2269
2278
2290
2302
2305
2326
2357
2358
2365
2371
2386
2407
2410
2413
2428
2443
2455
2465
2473
2479
2483
2488
2497
2499
2506
2512
2569
2587
2608
2635
2647
2653
2680
2694
2710
2716
2722
2725
2731
2735
2737
2743
2755
2773
2784
2801
2848
2854
2863
2875
2887
2894
2911
2923
2926
2929
2938
2944
2959
2962
2965
2983
3010
3022
3028
3046
3061
3064
3067
3077
3085
3088
3091
3100
3109
3127
3165
3166
3169
3181
3196
3208
3217
3223
3227
3247
3269
3277
3295
3296
3297
3308
3314
3319
3340
3346
3349
3361
3367
3376
3391
3397
3400
3403
3439
3445
3481
3484
3492
3496
3508
3517
3529
3535
3550
3560
3568
3571
3580
3598
3607
3610
3615
3616
3649
3650
3673
3689
3697
3700
3706
3712
3724
3730
3748
3760
3778
3808
3811
3838
3844
3848
3862
3865
3874
3883
3901
3902
3910
3916
3922
3931
3958
3961
3970
3973
3979
3984
3985
3994
4006
4021
4027
4034
4039
4042
4048
4059
4096
4132
4135
4144
4153
4162
4174
4177
4180
4189
4216
4228
4237
4243
4267
4276
4279
4288
4291
4297
4303
4304
4305
4309
4324
4328
4333
4342
4351
4357
4360
4369
4378
4381
4384
4387
4420
4432
4438
4440
4459
4462
4471
4480
4504
4534
4555
4561
4564
4565
4570
4573
4585
4586
4598
4600
4601
4603
4621
4642
4662
4675
4687
4696
4705
4711
4717
4724
4746
4756
4765
4792
4795
4798
4825
4831
4843
4846
4852
4864
4873
4876
4882
4885
4891
4894
4897
4898
4900
4903
4915
4923
4924
4936
4939
4942
4951
4990
4993
4999
5003
5008
5017
5026
5032
5047
5051
5058
5063
5067
5074
5076
5077
5080
5082
5083
5084
5085
5086
5088
5093
5104
5110
5113
5116
5121
5122
5125
5128
5129
5133
5137
5140
5152
5153
5155
5158
5172
5179
5182
5185
5187
5191
5195
5201
5202
5206
5208
5210
5223
5224
5234
5245
5269
5270
5275
5281
5291
5305
5308
5311
5312
5313
5317
5335
5353
5376
5378
5383
5384
5404
5406
5419
5420
5421
5422
5426
5437
5445
5449
5457
5460
5464
5486
5506
5509
5522
5523
5530
5536
5548
5551
5557
5560
5566
5576
5581
5584
5596
5605
5624
5626
5645
5653
5668
5677
5680
5686
5701
5709
5713
5716
5740
5758
5776
5783
5793
5803
5807
5829
5833
5838
5857
5860
5863
5872
5888
5896
5905
5911
5918
5919
5933
5942
5944
5956
5959
5965
5966
5967
5971
5980
5992
5996
5998
6004
6008
6016
6025
6028
6040
6050
6052
6055
6058
6064
6067
6073
6076
6079
6088
6110
6139
6140
6145
6154
6157
6169
6172
6184
6188
6190
6193
6196
6202
6208
6211
6220
6256
6280
6310
6325
6328
6349
6358
6397
6403
6412
6422
6425
6430
6436
6443
6448
6467
6470
6472
6484
6490
6499
6505
6508
6517
6532
6544
6562
6571
6607
6622
6631
6640
6652
6653
6665
6682
6688
6691
6694
6706
6721
6733
6742
6763
6766
6769
6775
6793
6805
6811
6820
6823
6826
6833
6847
6850
6863
6866
6889
6898
6910
6922
6943
6955
6965
6970
6976
6986
6989
6994
7000
7006
7012
7021
7042
7114
7117
7135
7156
7163
7164
7171
7174
7180
7183
7199
7201
7207
7210
7213
7222
7228
7234
7237
7250
7252
7258
7271
7285
7297
7300
7306
7327
7328
7330
7342
7354
7375
7376
7381
7387
7399
7408
7410
7411
7441
7447
7450
7453
7474
7475
7480
7510
7527
7528
7529
7537
7540
7542
7546
7552
7554
7555
7558
7559
7560
7574
7575
7590
7593
7596
7599
7624
7626
7633
7635
7638
7644
7645
7647
7650
7653
7668
7671
7675
7677
7680
7704
7710
7730
7731
7737
7749
7754
7784
7787
7788
7795
7797
7802
7803
7808
7812
7827
7830
7842
7869
7878
7905
7908
7911
7921
7923
7937
7951
7956
7962
7983
7986
8004
8016
8020
8037
8046
8052
8058
8106
8115
8127
8166
8178
8187
8202
8205
8208
8214
8253
8280
8289
8313
8319
8331
8337
8355
8367
8377
8385
8391
8405
8417
8418
8430
8435
8436
8439
8442
8445
8446
8452
8454
8466
8475
8481
8487
8505
8511
8532
8544
8547
8550
8556
8559
8565
8568
8583
8587
8598
8601
8628
8641
8658
8677
8691
8703
8721
8727
8748
8757
8763
8766
8775
8777
8779
8781
8784
8811
8814
8826
8844
8848
8859
8865
8868
8883
8889
8893
8904
8910
8916
8928
8934
8937
8940
8952
8958
8970
8982
8987
8988
8991
8994
9009
9011
9018
9024
9027
9031
9036
9048
9051
9069
9079
9081
9096
9102
9105
9120
9121
9123
9138
9144
9150
9153
9154
9169
9170
9171
9173
9174
9183
9204
9205
9207
9216
9225
9231
9237
9243
9252
9255
9273
9278
9283
9284
9295
9300
9303
9306
9312
9332
9333
9342
9369
9378
9392
9397
9405
9408
9421
9438
9459
9476
9480
9489
9494
9496
9510
9513
9528
9534
9543
9565
9570
9571
9609
9610
9615
9618
9633
9636
9644
9645
9652
9654
9660
9668
9670
9675
9681
9691
9698
9711
9714
9732
9738
9741
9759
9762
9765
9768
9784
9793
9795
9820
9822
9828
9832
9834
9846
9849
9855
9858
9859
9868
9882
9900
9903
9909
9925
9936
9946
9950
9964
9970
9989
10053
10059
10068
10078
10089
10092
10094
10098
10103
10104
10105
10116
10137
10152
10155
10156
10164
10176
10182
10197
10206
10208
10209
10215
10218
10227
10242
10254
10266
10269
10272
10285
10287
10293
10299
10314
10356
10359
10371
10377
10399
10410
10413
10419
10425
10426
10431
10437
10446
10449
10461
10470
10477
10512
10518
10524
10539
10548
10569
10584
10596
10602
10623
10624
10625
10632
10641
10644
10647
10670
10671
10680
10683
10704
10713
10719
10734
10741
10743
10752
10761
10764
10798
10803
10812
10821
10824
10827
10833
10845
10848
10854
10856
10857
10875
10887
10893
10896
10899
10906
10926
10929
10932
10938
10962
10974
10977
10980
10983
10986
10995
11007
11010
11013
11022
11040
11061
11071
11073
11088
11100
11106
11127
11139
11145
11151
11160
11175
11188
11193
11199
11205
11212
11241
11256
11265
11274
11301